
 ======================
run data = 20220825-2343-
learning rate = 0.001
epochs = 100
train num = 100
train time = 699.2090363502502
test time = 0.34409332275390625
              precision    recall  f1-score   support

           1     0.9730    1.0000    0.9863        36
           2     0.8940    0.9356    0.9143      1443
           3     0.9610    0.9502    0.9555       803
           4     0.9608    0.9735    0.9671       151
           5     0.9784    0.9760    0.9772       417
           6     0.9970    0.9881    0.9925       673
           7     0.6667    0.9524    0.7843        21
           8     0.9907    1.0000    0.9953       424
           9     0.5000    1.0000    0.6667         5
          10     0.9017    0.9342    0.9176       972
          11     0.9751    0.8936    0.9326      2585
          12     0.8654    0.9685    0.9140       571
          13     0.8934    0.9909    0.9397       110
          14     0.9863    0.9863    0.9863      1312
          15     0.9238    0.9902    0.9558       306
          16     0.9121    0.9881    0.9486        84

    accuracy                         0.9459      9913
   macro avg     0.8987    0.9705    0.9271      9913
weighted avg     0.9483    0.9459    0.9462      9913
kappa = 0.9377182472298994
