
 ======================
run data = 20220825-2331-
learning rate = 0.001
epochs = 100
train num = 10
train time = 739.0570831298828
test time = 0.3410811424255371
              precision    recall  f1-score   support

           1     0.2198    0.9524    0.3571        42
           2     0.7271    0.5908    0.6519      1542
           3     0.5599    0.7028    0.6232       905
           4     0.5025    0.8089    0.6199       246
           5     0.9794    0.8356    0.9018       511
           6     0.9047    0.9518    0.9277       768
           7     0.2130    0.8214    0.3382        28
           8     0.7084    0.7111    0.7097       533
           9     0.1786    1.0000    0.3030        10
          10     0.6394    0.7446    0.6880      1069
          11     0.8918    0.5291    0.6642      2678
          12     0.3696    0.6464    0.4703       673
          13     0.8788    0.9951    0.9333       204
          14     0.9265    0.8294    0.8753      1413
          15     0.5612    0.7906    0.6564       406
          16     0.6977    1.0000    0.8219        90

    accuracy                         0.7007     11118
   macro avg     0.6224    0.8069    0.6589     11118
weighted avg     0.7592    0.7007    0.7105     11118
kappa = 0.6665275361900864
