
 ======================
run data = 20220826-0036-
learning rate = 0.001
epochs = 100
train num = 100
train time = 706.7589597702026
test time = 0.3610670566558838
              precision    recall  f1-score   support

           1     1.0000    0.9714    0.9855        35
           2     0.9289    0.8806    0.9041      1440
           3     0.7994    0.9285    0.8591       811
           4     0.9737    1.0000    0.9867       148
           5     0.9156    0.9976    0.9548       413
           6     0.9838    0.9955    0.9896       672
           7     0.9000    1.0000    0.9474        18
           8     0.9930    1.0000    0.9965       427
           9     0.7143    1.0000    0.8333         5
          10     0.8857    0.9667    0.9245       962
          11     0.9629    0.8352    0.8945      2579
          12     0.8267    0.9574    0.8872       563
          13     0.7985    1.0000    0.8880       107
          14     0.9886    0.9954    0.9920      1311
          15     0.9534    0.9968    0.9746       308
          16     0.9540    1.0000    0.9765        83

    accuracy                         0.9268      9882
   macro avg     0.9112    0.9703    0.9371      9882
weighted avg     0.9313    0.9268    0.9267      9882
kappa = 0.9160201629581347
