
 ======================
run data = 20220825-2109-
learning rate = 0.001
epochs = 100
train num = 10
train time = 23.58468985557556
test time = 0.01621222496032715
              precision    recall  f1-score   support

         1.0     0.2857    1.0000    0.4444        42
         2.0     0.4878    0.4688    0.4781      1540
         3.0     0.6704    0.6015    0.6341       906
         4.0     0.4123    0.9553    0.5760       246
         5.0     0.8913    0.9472    0.9184       511
         6.0     0.9662    0.9700    0.9681       766
         7.0     0.5208    0.9615    0.6757        26
         8.0     0.9266    0.8762    0.9007       533
         9.0     0.0952    1.0000    0.1739        10
        10.0     0.6515    0.6845    0.6676      1068
        11.0     0.8718    0.6631    0.7532      2677
        12.0     0.4917    0.6148    0.5464       675
        13.0     0.6067    0.9755    0.7481       204
        14.0     0.9697    0.8403    0.9004      1409
        15.0     0.5846    0.6536    0.6172       407
        16.0     0.7016    0.9775    0.8169        89

    accuracy                         0.7138     11109
   macro avg     0.6334    0.8244    0.6762     11109
weighted avg     0.7497    0.7138    0.7224     11109
kappa = 0.6786822189197943
