
 ======================
run data = 20220825-2114-
learning rate = 0.001
epochs = 100
train num = 10
train time = 23.51508355140686
test time = 0.016013145446777344
              precision    recall  f1-score   support

           1     0.4468    1.0000    0.6176        42
           2     0.5731    0.4201    0.4848      1540
           3     0.6631    0.4851    0.5603       905
           4     0.2938    0.7828    0.4273       244
           5     0.9257    0.6830    0.7860       511
           6     0.8758    0.9453    0.9092       768
           7     0.1276    0.9615    0.2252        26
           8     0.9837    0.9081    0.9444       533
           9     0.2857    1.0000    0.4444        10
          10     0.5067    0.7441    0.6029      1067
          11     0.9389    0.6884    0.7944      2680
          12     0.4722    0.4785    0.4753       675
          13     0.7014    0.9902    0.8211       204
          14     0.9721    0.8882    0.9283      1413
          15     0.5683    0.8916    0.6942       406
          16     0.4083    0.9889    0.5779        90

    accuracy                         0.7003     11114
   macro avg     0.6090    0.8035    0.6433     11114
weighted avg     0.7566    0.7003    0.7111     11114
kappa = 0.6645536593910415
