
 ======================
run data = 20220826-0101-
learning rate = 0.001
epochs = 100
train num = 100
train time = 777.425128698349
test time = 0.3690817356109619
              precision    recall  f1-score   support

           1     1.0000    0.9714    0.9855        35
           2     0.9033    0.9222    0.9127      1439
           3     0.9223    0.9441    0.9331       805
           4     0.9427    0.9801    0.9610       151
           5     0.9425    0.9976    0.9693       411
           6     0.9752    0.9970    0.9860       670
           7     0.8571    1.0000    0.9231        18
           8     0.9954    1.0000    0.9977       431
           9     0.5000    1.0000    0.6667         5
          10     0.9310    0.8880    0.9090       973
          11     0.9632    0.9125    0.9372      2583
          12     0.8925    0.9636    0.9267       577
          13     0.8917    1.0000    0.9427       107
          14     0.9939    0.9962    0.9951      1317
          15     0.9590    1.0000    0.9791       304
          16     0.9647    1.0000    0.9820        82

    accuracy                         0.9470      9908
   macro avg     0.9147    0.9733    0.9379      9908
weighted avg     0.9479    0.9470    0.9470      9908
kappa = 0.9388782676279508
